$ANSIBLE_VAULT;1.1;AES256
65653039313334373834623832313261353632643130303361396439313931373161366437313437
3634353463373537343433303361316133643464316162650a653463366232623236353237646163
39626162616164376639643564353036663938666661613561383366656633303038323638666333
6164356434306436650a393764316438653033633765363861663361383364616365666434336465
36383861346134663863346633633963396161386164633930323862393162613237363139663962
30386261643735363736306430343466333231643733663634383663623263386137633837376666
37623466336137306233346233383164326630366533373164663437636665323730333935623562
39623531323964636333393761376133333164643333313031643430656566656236656336363364
66313838646430623962623538373531626435396235646132663832663833373930316434303563
33623136303564303239366335353732343364636166386630303934343736303661633061396632
63343135623461326135346636323563393864346536353131633637393039666164613137663362
66386332343164343162326165633264643461373161643463383637333463653261313532636536
63623432633034363866626135633738363063346331376264336337303338663963613533386432
62363033323266323736633839666631386239363130316537646564393231626466613633386462
33373463643432643730323537373262366466663166656633653131353735633531373462303866
35376339373766613630353532616464316335343631366263353966313838633334383863396232
36353133386162666135306136333036303764623030326361653833343739326634363630356331
33393864316432633264623335393538336433343436353662363562373564343239636532396432
37643865303664666430323637383839363533343563636132616266633732643135373661386364
36343763376235613839393833663336363637303330323336636639386634623130316362386361
32343962633566393138353730633033643739636462313164383637373532623965623836363237
39393730313533306264373434666464373362326162393964356231633733613966353464636266
62353436313362653362323261366135623335306434343232613238666564653762306264356663
64386539316561313139396438303333323134396133306335303961303866336463333832633539
39366566306139626463383033666166643934353331343832646665376232666233313461616536
37313666653462343637386264663437613534343939663534326266633634356538653436366531
63303637343765366639616239353365643166383233633431346633346563373733356134653138
61316161316333626636663238323362313265653930616234366537313762333937326338383032
66306435383032386633646237623636323036343165346162623431666234393235333430353462
35343330393233633034336366353336306334393635653561353238383738656563373937376132
39313233373836323862336637393034623363636234663131353936626665323766656135316532
30346165306464306336376337386138666366636264336130613762363363313133663733613434
32623963656666663064303062663335373630326537386463366339393564383263633062653966
37643332303637646533326633643061313861306238666465336266383663356330306266373731
64393739356166363031393434346633623133343263323737626536333438343836353563643739
37313262373138653066333531656362303031393239373434313237666239616563643936613162
64623666383462666665386130356434313134336338616335646566396263343232356532326530
30343965633066663734373963343561646565633062636236346264363061646663613032323036
32626139643434393831393930346261303735636434396162643637623131613962316336396661
36653432363430653933353732366633323236666264336235363764636366386561636539323264
38643434646161383631316261343032666362366461626665373232666262613162666236653661
36326637303965393865326430353337306533613233373334316136396430373132616234383438
65386434646265356638323232646436363632393538353832383865636638646637613866316634
63623635653262613039346238666631376538386133333034386465386362633638623336346666
62336233353239666430343163313134303562313862666630623732313664373731643562313263
30353731333835356636303537356233393638393764366631643964303734666362353034613332
65613965626561366463343061616334383863383932633364303265313338663130663735363132
30663463386231376262306334306363363462646335393733646662366338666132356638623337
31623236636332643834626530613532393735343439613362633835316462656564363132653432
62343930663863353366663036326535663035313665393863303938376539333332643435366634
62666438353037636139646164333439653161313166653832353936303639633738393164383235
34386133663961623537383034626433323331653132326264616338303235633036646562643138
61373765323665616465353031356463336135363837393163393037656633396233666634366430
34323030626163656536356561326237383337613463663762633733303361393661633265633863
65376433636531393963363566623833396566343539663538386138623735363362636532636631
65396231643535303835383236666666343439636265353439376538663838303235383133333561
39633232313466326632306435343165326664633366353031363934303433386630333439653034
32656139396433666662653061376661323635623637656565306130386531396235633238353365
62353030386666366137386230646634636364386538663762643336623636656535326336623333
33376463666362386465353833366361366638396133663134613638306161386530333964633636
37653763353565353034326234343331643633336635343138396432313565666632353066373266
39373536653238623533363366386134616237613338623130373666306231323334386130333530
63633862366631383266326235346639666161313133343365343861343166386435663032346361
62633030613363306166313534363737396532306334323230353533366130376261643634616530
30663237663539623836333035343433336333303362363165653631306430376632303239333064
65663931366234666636333961623739383835363864626336643732383638323063626235636361
30336461653363313631383731326339623837356265653434313361353565356437346664643761
66623339643464316236643736303739306635326261396434633834376430616536633562323335
61393732353037333165366639313961366539623734653866646633356638383130353331353334
64303136303062333130656235306563616464373363383266616330346362353636393563333630
63393063313937653734623035663264653639356431336333313761386231386662336263316232
39613066653630613337316362663530303731333538633331626534383562316538366163363939
32633036663837393262643964653838643665343437666635396361616562646434376138613234
35363839306361666564646533393166323635303738353064393535666363666239663131336566
35376264386265666337373763303463343764393237386637653131656238383831613235343333
32613037656464383331383364383434366665386230636235663138343761633839333937343637
37366162353032636530303963303236353337613865323433643061623763303764313466613864
62656630633366376431386638636563653734383064646439653164623033633238653337303662
36643332313964666234343061386633643363383831636335663934626366356436383062613763
62336437353531636266363334343334323837626665346161313731306635336261663334313564
37343637336333333964373239396137633038623363636264336237353736623439363138623463
34346132306438633435646532653739613235666663626236306139613933353530326566396132
63383439333066306136633362353232306165323933323036313964303364646461313464336163
63656531616434306537353037396564393663326636353035626536333933393538636633653433
36323636313338336632613165303139383037623561333133643961363738366336303937316538
61343463313730343039373963353638393931343739643639633937313064663764323335313163
64306537306165646363343361303763333961303165643764333736363934383962383234386533
61663362333961396165653738326531616633623336656666333437613033366238663566383734
64633461653831346435333838356466623731306562316463663831376563343038336665383064
38623838313939376462346136653164643364666461326235333462353361636665356231366564
64616563303432623436303636323038356135323765376461386635353534396337636362343162
31656630313665306231393764363231653861313535316663653937373662306137663961626230
39663666666462333539373131333464643361353332366463613761363161313030613561396438
64653437643238353938643765326538373733636465353836343466396636333464626539646130
34343561616537636336663835323738643839613937393864333465393461646135353033303035
35323739386331383834313038396664643463346538366564323933633865303532353264306663
35323034323137376235373363333136656638623535633239393665666561383866306338316463
35653739623239623264653665313166356535353939626333613466376662343134366666306430
32653563616264363835363632613765376466303139313364313563326236613538373662303639
30386566363966333762333135363763373063353366343837343165613832616438646538643765
62626636663935373338383434613830643562353562656430626133353430323563633133363238
36353332383537396165633461353333336138353561363135323262353637313231316336633633
30376238346333623037393738333565316263383562316562613138396662333732346532663831
32343636376232356234633033346436373637646562613630353231613562326432373533393161
35393361333230306634613563373665396234333965373834303333313831626163386338653463
63356166373230396639366638306533326430616432326236643031343162633134346433393266
36323133316537356362333338653331336533306333626436383934643535613931663061356336
30383866346362326330653333336339356431393631353634633239383637376538646466656565
30633665643538353661363632353864363135663436613662376539653338333035313839353938
30363130636561386432643235646531366635383430393733333635393263613736653831376239
33336662623164303630353134326133663963373434333939373062343861363436336164303035
62663761653831346231303430363962306164353931663138373639303137343834346336626439
62326635323366393730326464636165353561356532333165646231626362643766313864643365
64313965303732623539343439336462353839363633383135366134613863613964623064646363
64616334633663653733333630633364313337366432663036626531346230646234643961656431
30633332363133373265303363366335656233663330366462376138346461653439633631346637
31343464356164303134306537623238346135636266656139356661323936653434353665326233
32343332633063363131326136373030623839343732656463323630346234626531323635383733
62393136366236643037333131656637333362663032386330333236386133363933333564643839
65376137653466373264343435343861353062356536356566313037393732356266646165666231
37653334323437306339323464346162666163353166636637306165613863643238616237393431
62393130643731613162666431373138393465386336376632633663363131313537623535656263
63363163353132366565393863393964383835643462303539636334383666326233333132353738
65323830386165393861386662663261323433346534356234613564363933613663613137303431
62383931323561616263346539396163666663303332363963653739643165313031646435363736
30623037383437613863363362326137343764333430643632306261663566306364353263333435
32633335353061306365336231333132613261643037333963396234623661373039643761393932
37636263633166383736353435333963343139626539383932666433643834646462343163663162
30636237383364653262643635356432653166613833386338653530363432303036366538393864
38386566346531323934323166373433633964303061636463363766373830336139383335383064
31323964363434303632333235326331353437353764633663613435333365323030363333623939
63306130356362373434373236353332653466663030353934346333383363666531623731636639
66633539376266613431663963653737653431656663626133303835393834643334333931343236
62346539373938646137316464363531663164636134313864323130633631623361316330343335
61393232646336383437303465306336306362336439636435623763373939623233363234666239
61666264323439383666343935393839383463393965313435633262326333663534343364333963
35323761313064633562633732393831643066366534633134373462643636363031393433643334
62386133613262343639313031376662313862393464326666326136626534316339313963303538
66616638376438346636316138353332363836386166343437316161303831626337616563653338
63356334323864643337646431346463376266623766363133363563323034393237376638616230
36313533343230313662643235383637363336666133653933393436636364633934663835353363
33663266633465366335363932343433373631633465303635363961663932616238326136653563
66653630643532643162313731666335626339626265303235306634313637306462633566323939
66393733313432303865666539363766636165666338653963656663373561663831323234386433
31623230343261316464616435363438663561346631383565313562303232353066313966386561
62306263366139343032613762363533393038323931643539396135623136393239613165636432
31623761656230323461313665376666343433626337333661353961613365386237303039623339
33323938653739646330636162663038663331626463306461363733633863373835386266643330
38356263333134396631643632313464666162616237373930363736623431356233623266646466
37323433653534323032323065303262663166623161653539326362393033643938336564626462
64613233366639303438333362623763643333386264623336366165633034333037653733303133
39353663363930396333363333633633306264623563366233333531616261363166353431363131
31393765333562396431396232656230373138353239303136303632363362666664303064616665
38646530363636353235633035396263623764323862316433623661336239643761656437316636
37313435313139303832643436623864656261373065646637613263343165313135643138353364
63666364316433363865323232396539626235363033346231613134316637663637326164396535
65306336636433386661323138363639623333663164663162353133376534616131313237386436
62366236633639346337616431666635613366633763383837323031333337666163613633656334
64383961656662623039303430623231613663616332303335303434643336316436303937333265
61646135623636363730303838396138326638633635656538336266303564356463373433336334
37356336303633303131323431656438336463646365383366613936323665343437343734643238
65633734663163356462313634666434633064386635623164656164623132663164666131316437
38626239636132613834396234616531326433363139646431303366613063353662666165363265
35393635656666393631616161646633363037346137653131633936623563386535663164633735
66363861316137303434343934646665653139333632326135633134333464326662633231663364
37633365636464373730333737383964363465373563306564306232323337653834633533353431
33303963623963316533343736386463613264326363336136333431623933663838373864376139
39613736396430323335383962373331613731333834616339343734373334356237356164393432
64313337356234626437633266346365663732626662303065633266346261386666653030306366
39613535653834663962346532633339376338373034653237346134303866613862643533616536
31333234323632623066636538613032396339383038613939646132613766663465656166616165
39636339343136326533383736663030656634303936383163613534646330316435313731646631
34366161643434373830656631316565663462616166336532643863653764303833
